85612
77540
82772
79740
80404
79572
80796
78392
136480
88296
86604
86656
81116
82356
82172
84420
80680
83436
80216
81356
81888
81456
84964
81584
75868
76392
82008
82888
77456
85752
81416
80828
81544
73720
84036
81468
81668
80732
81672
79704
75424
82508
133212
78936
82544
84776
80168
79408
81068
79436
80376
79492
77436
81588
78356
82336
83860
73404
83212
79468
79960
72924
80652
80908
77788
80916
81408
81424
82000
79500
79560
73696
81740
82060
77012
84444
82700
81140
79848
81904
79860
76144
82284
82408
77712
83204
80936
81256
89744
79264
80960
76332
81956
80680
80944
77552
80552
80148
80264
81428
81484
77840
80676
78160
80928
75468
80568
81960
78388
80944
77620
80336
133816
105100
82512
79300
87616
84856
75376
77572
81916
79192
77520
78556
79544
82292
85636
81116
80696
69336
77748
80008
85640
77388
82392
79204
85288
73920
81736
81748
78584
82480
78060
81156
79784
80448
74896
81368
80036
79608
75136
80384
78600
78596
108776
85176
76016
76376
82844
80596
78628
77680
82496
74980
80708
79908
81200
81572
81152
82144
80744
79188
81208
82024
73836
83152
92272
78576
77688
79188
80820
80272
82276
79324
75792
82492
77684
82536
75556
80448
81812
73128
77376
85472
82792
77732
88012
82988
77976
76724
79728
81464
76612
92732
91976
87296
100488
92876
88484
94568
91600
92032
83144
92628
92292
87596
91732
92484
88988
88276
91316
95696
91292
92768
86560
98196
86460
87276
90248
91532
92012
86340
94460
92532
92144
87268
96796
92512
95544
94272
93688
86152
92332
94380
92568
92104
92532
86392
89360
92264
91544
89876
96380
90908
86844
86192
94668
92408
93520
95804
91908
85940
95028
93904
90404
144180
90520
94344
93660
90440
89840
98016
148076
132672
144500
176468
134884
137700
135320
145300
173444
132816
137132
138972
140232
174684
136028
135892
140136
174148
147528
138176
138032
141040
173052
135520
134312
134488
139200
173444
133984
137160
140228
137132
172772
143848
139112
140008
136408
175176
137056
134816
138516
136492
174236
135672
133416
138384
143992
174532
141452
135916
143148
135292
180672
136160
141804
140548
176112
144324
137716
153228
155664
174736
153704
137948
136908
144724
181200
137292
177400
139452
176564
152204
